NM, ascon, init 1 round, state
1,1,1,1,1,1,1,1,1,1,1,1,1,1,1,1,1,1,1,1,1,1,1,1,1,1,1,1,1,1,1,1,1,1,1,1,1,1,1,1,1,1,1,1,1,1,1,1,1,1,1,1,1,1,1,1,1,1,1,1,1,1,1,1,1,1,1,1,1,1,1,1,1,1,1,1,1,1,1,1,1,1,1,1,1,1,1,1,1,1,1,1,1,1,1,1,1,1,1,1,1,1,1,1,1,1,1,1,1,1,1,1,1,1,1,1,1,1,1,1,1,1,1,1,1,1,1,1,2,2,2,2,2,2,2,2,2,2,2,2,2,2,2,2,2,2,2,2,2,2,2,2,2,2,2,2,2,2,2,2,2,2,2,2,2,2,2,2,2,2,2,2,2,2,2,2,2,2,2,2,2,2,2,2,2,2,2,2,2,2,2,2,1,1,1,1,1,1,1,1,1,1,1,1,1,1,1,1,1,1,1,1,1,1,1,1,1,1,1,1,1,1,1,1,1,1,1,1,1,1,1,1,1,1,1,1,1,1,1,1,1,1,1,1,1,1,1,1,1,1,1,1,1,1,1,1,1,1,1,1,1,1,1,1,1,1,1,1,1,1,1,1,1,1,1,1,1,1,1,1,1,1,1,1,1,1,1,1,1,1,1,1,1,1,1,1,1,1,1,1,1,1,1,1,1,1,1,1,1,1,1,1,1,1,1,1,1,1,1,1,

NM, ascon, init 2 round, state
3,3,3,3,3,3,3,3,3,3,3,3,3,3,3,3,3,3,3,3,3,3,3,3,3,3,3,3,3,3,3,3,3,3,3,3,3,3,3,3,3,3,3,3,3,3,3,3,3,3,3,3,3,3,3,3,3,3,3,3,3,3,3,3,3,3,3,3,3,3,3,3,3,3,3,3,3,3,3,3,3,3,3,3,3,3,3,3,3,3,3,3,3,3,3,3,3,3,3,3,3,3,3,3,3,3,3,3,3,3,3,3,3,3,3,3,3,3,3,3,3,3,3,3,3,3,3,3,2,2,2,2,2,2,2,2,2,2,2,2,2,2,2,2,2,2,2,2,2,2,2,2,2,2,2,2,2,2,2,2,2,2,2,2,2,2,2,2,2,2,2,2,2,2,2,2,2,2,2,2,2,2,2,2,2,2,2,2,2,2,2,2,2,2,2,2,2,2,2,2,2,2,2,2,2,2,2,2,2,2,2,2,2,2,2,2,2,2,2,2,2,2,2,2,2,2,2,2,2,2,2,2,2,2,2,2,2,2,2,2,2,2,2,2,2,2,2,2,2,2,2,2,2,2,2,2,2,2,2,2,2,2,2,2,2,2,2,2,2,2,2,2,2,2,2,2,2,2,2,2,2,2,2,2,2,2,2,2,2,2,2,2,2,2,2,2,2,2,2,2,2,2,2,2,2,2,2,2,2,2,2,2,2,2,2,2,2,2,2,2,

NM, ascon, init 3 round, state
6,6,6,6,6,6,6,6,6,6,6,6,6,6,6,6,6,6,6,6,6,6,6,6,6,6,6,6,6,6,6,6,6,6,6,6,6,6,6,6,6,6,6,6,6,6,6,6,6,6,6,6,6,6,6,6,6,6,6,6,6,6,6,6,5,5,5,5,5,5,5,5,5,5,5,5,5,5,5,5,5,5,5,5,5,5,5,5,5,5,5,5,5,5,5,5,5,5,5,5,5,5,5,5,5,5,5,5,5,5,5,5,5,5,5,5,5,5,5,5,5,5,5,5,5,5,5,5,4,4,4,4,4,4,4,4,4,4,4,4,4,4,4,4,4,4,4,4,4,4,4,4,4,4,4,4,4,4,4,4,4,4,4,4,4,4,4,4,4,4,4,4,4,4,4,4,4,4,4,4,4,4,4,4,4,4,4,4,4,4,4,4,5,5,5,5,5,5,5,5,5,5,5,5,5,5,5,5,5,5,5,5,5,5,5,5,5,5,5,5,5,5,5,5,5,5,5,5,5,5,5,5,5,5,5,5,5,5,5,5,5,5,5,5,5,5,5,5,5,5,5,5,5,5,5,5,6,6,6,6,6,6,6,6,6,6,6,6,6,6,6,6,6,6,6,6,6,6,6,6,6,6,6,6,6,6,6,6,6,6,6,6,6,6,6,6,6,6,6,6,6,6,6,6,6,6,6,6,6,6,6,6,6,6,6,6,6,6,6,6,

NM, ascon, init 4 round, state
11,11,11,11,11,11,11,11,11,11,11,11,11,11,11,11,11,11,11,11,11,11,11,11,11,11,11,11,11,11,11,11,11,11,11,11,11,11,11,11,11,11,11,11,11,11,11,11,11,11,11,11,11,11,11,11,11,11,11,11,11,11,11,11,10,10,10,10,10,10,10,10,10,10,10,10,10,10,10,10,10,10,10,10,10,10,10,10,10,10,10,10,10,10,10,10,10,10,10,10,10,10,10,10,10,10,10,10,10,10,10,10,10,10,10,10,10,10,10,10,10,10,10,10,10,10,10,10,11,11,11,11,11,11,11,11,11,11,11,11,11,11,11,11,11,11,11,11,11,11,11,11,11,11,11,11,11,11,11,11,11,11,11,11,11,11,11,11,11,11,11,11,11,11,11,11,11,11,11,11,11,11,11,11,11,11,11,11,11,11,11,11,12,12,12,12,12,12,12,12,12,12,12,12,12,12,12,12,12,12,12,12,12,12,12,12,12,12,12,12,12,12,12,12,12,12,12,12,12,12,12,12,12,12,12,12,12,12,12,12,12,12,12,12,12,12,12,12,12,12,12,12,12,12,12,12,11,11,11,11,11,11,11,11,11,11,11,11,11,11,11,11,11,11,11,11,11,11,11,11,11,11,11,11,11,11,11,11,11,11,11,11,11,11,11,11,11,11,11,11,11,11,11,11,11,11,11,11,11,11,11,11,11,11,11,11,11,11,11,11,

NM, ascon, init 5 round, state
21,21,21,21,21,21,21,21,21,21,21,21,21,21,21,21,21,21,21,21,21,21,21,21,21,21,21,21,21,21,21,21,21,21,21,21,21,21,21,21,21,21,21,21,21,21,21,21,21,21,21,21,21,21,21,21,21,21,21,21,21,21,21,21,23,23,23,23,23,23,23,23,23,23,23,23,23,23,23,23,23,23,23,23,23,23,23,23,23,23,23,23,23,23,23,23,23,23,23,23,23,23,23,23,23,23,23,23,23,23,23,23,23,23,23,23,23,23,23,23,23,23,23,23,23,23,23,23,23,23,23,23,23,23,23,23,23,23,23,23,23,23,23,23,23,23,23,23,23,23,23,23,23,23,23,23,23,23,23,23,23,23,23,23,23,23,23,23,23,23,23,23,23,23,23,23,23,23,23,23,23,23,23,23,23,23,23,23,23,23,23,23,23,23,23,23,23,23,23,23,23,23,23,23,23,23,23,23,23,23,23,23,23,23,23,23,23,23,23,23,23,23,23,23,23,23,23,23,23,23,23,23,23,23,23,23,23,23,23,23,23,23,23,23,23,23,23,23,23,23,23,23,23,23,23,23,21,21,21,21,21,21,21,21,21,21,21,21,21,21,21,21,21,21,21,21,21,21,21,21,21,21,21,21,21,21,21,21,21,21,21,21,21,21,21,21,21,21,21,21,21,21,21,21,21,21,21,21,21,21,21,21,21,21,21,21,21,21,21,21,

NM, ascon, init 6 round, state
46,46,46,46,46,46,46,46,46,46,46,46,46,46,46,46,46,46,46,46,46,46,46,46,46,46,46,46,46,46,46,46,46,46,46,46,46,46,46,46,46,46,46,46,46,46,46,46,46,46,46,46,46,46,46,46,46,46,46,46,46,46,46,46,46,46,46,46,46,46,46,46,46,46,46,46,46,46,46,46,46,46,46,46,46,46,46,46,46,46,46,46,46,46,46,46,46,46,46,46,46,46,46,46,46,46,46,46,46,46,46,46,46,46,46,46,46,46,46,46,46,46,46,46,46,46,46,46,44,44,44,44,44,44,44,44,44,44,44,44,44,44,44,44,44,44,44,44,44,44,44,44,44,44,44,44,44,44,44,44,44,44,44,44,44,44,44,44,44,44,44,44,44,44,44,44,44,44,44,44,44,44,44,44,44,44,44,44,44,44,44,44,44,44,44,44,44,44,44,44,44,44,44,44,44,44,44,44,44,44,44,44,44,44,44,44,44,44,44,44,44,44,44,44,44,44,44,44,44,44,44,44,44,44,44,44,44,44,44,44,44,44,44,44,44,44,44,44,44,44,44,44,44,44,44,44,44,44,44,44,44,44,44,44,44,44,44,44,44,44,44,44,44,44,44,44,44,44,44,44,44,44,44,44,44,44,44,44,44,44,44,44,44,44,44,44,44,44,44,44,44,44,44,44,44,44,44,44,44,44,44,44,44,44,44,44,44,44,44,44

NM, ascon, init 7 round, state
92,92,92,92,92,92,92,92,92,92,92,92,92,92,92,92,92,92,92,92,92,92,92,92,92,92,92,92,92,92,92,92,92,92,92,92,92,92,92,92,92,92,92,92,92,92,92,92,92,92,92,92,92,92,92,92,92,92,92,92,92,92,92,92,90,90,90,90,90,90,90,90,90,90,90,90,90,90,90,90,90,90,90,90,90,90,90,90,90,90,90,90,90,90,90,90,90,90,90,90,90,90,90,90,90,90,90,90,90,90,90,90,90,90,90,90,90,90,90,90,90,90,90,90,90,90,90,90,88,88,88,88,88,88,88,88,88,88,88,88,88,88,88,88,88,88,88,88,88,88,88,88,88,88,88,88,88,88,88,88,88,88,88,88,88,88,88,88,88,88,88,88,88,88,88,88,88,88,88,88,88,88,88,88,88,88,88,88,88,88,88,88,90,90,90,90,90,90,90,90,90,90,90,90,90,90,90,90,90,90,90,90,90,90,90,90,90,90,90,90,90,90,90,90,90,90,90,90,90,90,90,90,90,90,90,90,90,90,90,90,90,90,90,90,90,90,90,90,90,90,90,90,90,90,90,90,92,92,92,92,92,92,92,92,92,92,92,92,92,92,92,92,92,92,92,92,92,92,92,92,92,92,92,92,92,92,92,92,92,92,92,92,92,92,92,92,92,92,92,92,92,92,92,92,92,92,92,92,92,92,92,92,92,92,92,92,92,92,92,92,

NM, ascon, init 8 round, state
182,182,182,182,182,182,182,182,182,182,182,182,182,182,182,182,182,182,182,182,182,182,182,182,182,182,182,182,182,182,182,182,182,182,182,182,182,182,182,182,182,182,182,182,182,182,182,182,182,182,182,182,182,182,182,182,182,182,182,182,182,182,182,182,180,180,180,180,180,180,180,180,180,180,180,180,180,180,180,180,180,180,180,180,180,180,180,180,180,180,180,180,180,180,180,180,180,180,180,180,180,180,180,180,180,180,180,180,180,180,180,180,180,180,180,180,180,180,180,180,180,180,180,180,180,180,180,180,182,182,182,182,182,182,182,182,182,182,182,182,182,182,182,182,182,182,182,182,182,182,182,182,182,182,182,182,182,182,182,182,182,182,182,182,182,182,182,182,182,182,182,182,182,182,182,182,182,182,182,182,182,182,182,182,182,182,182,182,182,182,182,182,184,184,184,184,184,184,184,184,184,184,184,184,184,184,184,184,184,184,184,184,184,184,184,184,184,184,184,184,184,184,184,184,184,184,184,184,184,184,184,184,184,184,184,184,184,184,184,184,184,184,184,184,184,184,184,184,184,184,184,184,184,184,184,184,182,182,182,182,182,182,182,182,182,182,182,182,182,182,182,182,182,182,182,182,182,182,182,182,182,182,182,182,182,182,182,182,182,182,182,182,182,182,182,182,182,182,182,182,182,182,182,182,182,182,182,182,182,182,182,182,182,182,182,182,182,182,182,182,

NM, ascon, init 12 round, state
2924,2924,2924,2924,2924,2924,2924,2924,2924,2924,2924,2924,2924,2924,2924,2924,2924,2924,2924,2924,2924,2924,2924,2924,2924,2924,2924,2924,2924,2924,2924,2924,2924,2924,2924,2924,2924,2924,2924,2924,2924,2924,2924,2924,2924,2924,2924,2924,2924,2924,2924,2924,2924,2924,2924,2924,2924,2924,2924,2924,2924,2924,2924,2924,2920,2920,2920,2920,2920,2920,2920,2920,2920,2920,2920,2920,2920,2920,2920,2920,2920,2920,2920,2920,2920,2920,2920,2920,2920,2920,2920,2920,2920,2920,2920,2920,2920,2920,2920,2920,2920,2920,2920,2920,2920,2920,2920,2920,2920,2920,2920,2920,2920,2920,2920,2920,2920,2920,2920,2920,2920,2920,2920,2920,2920,2920,2920,2920,2924,2924,2924,2924,2924,2924,2924,2924,2924,2924,2924,2924,2924,2924,2924,2924,2924,2924,2924,2924,2924,2924,2924,2924,2924,2924,2924,2924,2924,2924,2924,2924,2924,2924,2924,2924,2924,2924,2924,2924,2924,2924,2924,2924,2924,2924,2924,2924,2924,2924,2924,2924,2924,2924,2924,2924,2924,2924,2924,2924,2924,2924,2924,2924,2928,2928,2928,2928,2928,2928,2928,2928,2928,2928,2928,2928,2928,2928,2928,2928,2928,2928,2928,2928,2928,2928,2928,2928,2928,2928,2928,2928,2928,2928,2928,2928,2928,2928,2928,2928,2928,2928,2928,2928,2928,2928,2928,2928,2928,2928,2928,2928,2928,2928,2928,2928,2928,2928,2928,2928,2928,2928,2928,2928,2928,2928,2928,2928,2924,2924,2924,2924,2924,2924,2924,2924,2924,2924,2924,2924,2924,2924,2924,2924,2924,2924,2924,2924,2924,2924,2924,2924,2924,2924,2924,2924,2924,2924,2924,2924,2924,2924,2924,2924,2924,2924,2924,2924,2924,2924,2924,2924,2924,2924,2924,2924,2924,2924,2924,2924,2924,2924,2924,2924,2924,2924,2924,2924,2924,2924,2924,2924,

NM, grain128aead, state[0] of each init round, no expand
1,1,1,1,1,1,1,1,1,1,1,1,1,1,1,1,1,1,1,1,1,1,1,1,1,1,1,1,1,1,1,1,1,1,1,1,1,1,1,1,1,1,1,1,1,1,1,1,1,1,1,1,1,1,1,1,1,1,1,1,1,1,1,1,1,1,1,1,1,1,1,1,1,1,1,1,1,1,1,1,1,1,1,1,1,1,1,1,1,1,1,1,1,1,1,0,0,0,0,0,0,0,0,0,0,0,0,0,0,0,0,0,0,0,0,0,0,0,0,0,0,0,0,0,0,0,-1,2,2,2,2,2,2,2,2,2,2,2,2,2,2,2,2,2,2,2,2,2,2,2,2,2,2,2,2,2,2,2,2,2,3,4,4,4,4,4,4,4,4,4,4,4,4,4,4,4,4,4,4,4,4,4,4,4,4,4,4,4,4,4,4,4,4,5,7,8,10,10,10,10,12,12,12,12,12,12,12,12,12,12,12,12,12,12,12,12,12,12,12,12,12,12,12,12,12,12,13,15,18,23,26,28,30,33,36,38,42,42,42,42,44,44,44,46,46,46,46,46,46,46,46,46,46,46,46,46,46,46,46,47,49,53,62,70,80,89,98,107,118,132,140,148,154,159,162,166,173,176,176,178,180,180,180,182,182,182,182,182,182,182,182,182,183,185,190,202,217,240,266,293,323,356,398,433,476,513,543,569,595,624,641,663,679,689,694,702,713,716,718,722,

NM, tinyjambu 1 * 32 rounds, init states
0,0,0,0,0,0,0,0,0,0,0,0,0,0,0,0,0,0,0,0,0,0,0,0,0,0,0,0,0,0,0,0,1,1,1,1,1,1,1,1,1,1,1,1,1,1,1,1,1,1,1,1,1,1,1,1,1,1,1,1,1,1,1,1,1,1,1,1,1,1,1,1,1,1,1,1,1,1,1,1,1,1,1,1,1,1,1,1,1,1,2,2,2,2,2,2,2,2,2,2,2,2,2,2,2,2,2,2,2,2,2,2,2,2,2,2,2,2,2,2,2,2,2,2,2,2,2,2,

NM, tinyjambu 2 * 32 rounds, init states
0,0,0,0,0,1,1,1,1,1,1,1,1,1,1,1,1,1,1,1,1,1,1,1,1,1,2,2,2,2,2,2,2,2,2,2,2,2,2,2,2,2,2,1,1,1,1,1,2,2,2,2,2,2,2,2,2,2,1,1,1,1,1,2,2,2,2,2,2,3,3,3,3,3,3,3,3,3,3,3,3,3,3,3,4,4,3,3,3,3,3,3,3,3,3,3,4,4,4,4,4,2,2,2,2,2,4,4,4,4,4,4,5,5,5,5,4,4,4,4,4,5,5,5,5,5,5,6,

NM, tinyjambu 3 * 32 rounds, init states
2,2,2,2,2,3,3,3,3,3,3,3,3,3,3,3,3,3,3,3,4,4,3,3,3,3,3,3,3,3,3,3,3,3,3,3,3,2,2,2,2,2,4,4,4,4,4,4,4,4,4,4,4,4,4,4,4,5,5,5,5,5,5,6,7,6,6,6,6,6,6,6,6,6,6,6,6,6,7,7,5,5,5,5,5,7,7,7,7,7,6,6,6,6,6,6,6,6,6,6,8,8,8,8,8,8,9,11,10,10,10,10,10,10,10,11,11,11,11,11,11,13,11,10,10,10,10,10,

NM, tinyjambu 4 * 32 rounds, init states
6,5,5,5,5,5,5,5,5,5,4,4,4,4,5,6,5,5,5,5,5,6,6,6,6,6,6,6,6,6,6,6,6,6,6,6,9,9,9,9,9,9,10,10,9,9,9,9,9,9,9,10,10,9,9,9,9,11,10,9,9,9,9,9,9,9,9,9,8,8,8,8,9,11,10,11,11,11,11,15,15,15,15,15,15,16,16,15,15,15,14,14,14,14,16,16,14,14,14,14,16,16,15,15,15,15,15,15,15,16,16,15,15,15,15,17,19,18,18,18,18,18,21,21,21,21,21,21,

NM, tinyjambu 5 * 32 rounds, init states
11,11,11,11,10,10,10,10,11,12,11,11,11,11,11,14,14,14,14,14,14,15,15,14,14,14,13,13,13,13,15,15,13,13,13,13,14,15,14,14,14,14,14,19,19,20,20,17,17,17,17,19,22,20,20,20,20,20,20,20,20,20,20,20,21,21,20,22,22,21,21,21,21,24,24,23,23,23,23,24,26,25,25,25,23,23,26,26,28,30,26,26,26,26,28,33,31,31,31,30,30,34,34,34,34,31,31,32,32,32,37,36,35,35,35,35,39,39,37,37,37,36,37,40,39,42,42,38,

NM, tinyjambu 6 * 32 rounds, init states
19,19,18,21,21,21,21,21,21,24,24,27,27,27,27,30,32,29,30,30,30,30,30,30,33,33,25,25,25,25,27,31,29,29,29,29,29,30,30,30,31,28,28,29,29,30,36,34,34,34,34,34,37,37,39,40,40,40,43,45,42,45,45,45,45,45,45,50,52,46,46,46,46,49,50,47,48,48,48,48,49,49,51,54,47,47,48,48,49,55,53,56,56,56,56,60,62,59,61,61,61,64,66,63,69,69,72,72,72,72,80,84,75,76,76,76,79,80,77,81,81,73,73,74,74,80,88,80,

NM, tinyjambu 7 * 32 rounds, init states
40,40,40,44,45,42,42,42,42,44,46,44,45,45,45,45,48,48,51,54,46,46,51,51,52,60,58,58,58,58,58,66,66,64,67,66,66,63,64,62,72,70,65,65,65,65,71,73,69,69,69,69,71,73,71,75,75,68,68,74,74,79,87,82,82,82,82,84,91,89,88,88,88,88,100,100,99,109,106,106,103,104,102,117,115,108,108,108,108,111,114,108,112,111,111,111,113,111,123,124,111,111,116,116,123,133,127,127,127,127,129,139,137,139,142,134,134,151,151,151,169,164,164,161,162,160,183,181,

NM, tinyjambu 8 * 32 rounds, init states
85,86,86,87,98,95,93,93,91,91,93,93,92,99,98,98,94,95,94,105,106,100,100,100,100,101,105,110,114,114,112,108,110,109,120,123,115,115,116,116,123,135,138,139,140,138,139,151,148,150,152,145,145,148,148,148,165,154,154,150,151,150,166,167,163,163,161,161,159,162,166,177,178,173,169,171,170,186,192,185,185,186,186,189,203,212,217,220,213,214,227,224,231,238,230,230,234,234,235,263,249,247,243,242,241,259,260,260,266,259,259,256,258,260,285,284,273,269,271,270,289,302,301,302,301,299,298,313,

NM, tinyjambu 9 * 32 rounds, init states
159,164,164,164,176,180,169,180,178,169,198,203,200,220,224,202,204,205,205,218,233,211,216,216,210,204,213,210,221,230,214,214,221,221,231,255,229,224,238,238,241,262,262,250,258,253,252,270,274,263,288,279,264,307,312,309,340,347,314,320,321,317,341,361,336,351,353,335,330,340,337,358,377,342,343,358,358,372,405,383,375,380,374,373,399,399,390,411,393,391,423,427,431,475,453,426,471,476,473,516,527,483,500,499,486,539,564,536,571,577,537,534,545,542,576,610,553,559,574,568,582,623,598,601,611,588,587,620,

NM, tinyjambu 10 * 32 rounds, init states
316,328,328,315,299,309,326,339,361,347,347,351,352,362,385,383,380,383,376,367,395,440,427,452,445,445,466,454,444,489,494,476,474,476,474,518,497,477,493,489,483,495,496,498,530,539,517,512,519,518,551,568,544,549,553,548,563,582,606,608,619,602,586,618,664,655,704,689,686,707,695,687,753,784,756,765,763,761,823,789,762,804,797,781,788,792,792,853,855,823,821,827,826,880,886,860,877,881,863,862,891,938,957,991,962,957,985,1016,1017,1089,1072,1066,1090,1071,1054,1148,1224,1183,1217,1208,1206,1289,1243,1206,1293,1291,1257,1262,

NM, tinyjambu 11 * 32 rounds, init states
667,654,710,695,664,680,667,660,722,715,681,717,710,710,749,738,719,765,759,737,753,753,743,800,815,778,821,830,830,861,882,853,912,926,907,911,967,954,969,1010,975,1018,1062,1054,1042,1134,1110,1072,1091,1070,1064,1153,1139,1092,1158,1143,1123,1177,1154,1127,1215,1209,1166,1195,1195,1186,1273,1273,1216,1305,1310,1303,1344,1380,1350,1416,1440,1399,1417,1483,1468,1508,1568,1510,1606,1662,1647,1637,1776,1741,1703,1736,1696,1703,1827,1806,1746,1868,1838,1787,1857,1821,1787,1937,1925,1850,1912,1905,1896,2022,2021,1945,2070,2069,2040,2097,2133,2093,2216,2255,2177,2238,2313,2298,2369,2450,2363,2518,

NM, tinyjambu 12 * 32 rounds, init states
1316,1290,1380,1405,1317,1338,1347,1328,1383,1564,1487,1520,1535,1473,1491,1526,1504,1561,1630,1542,1510,1546,1572,1609,1711,1646,1609,1630,1607,1618,1714,1722,1694,1774,1738,1655,1711,1865,1866,2005,1975,1859,1877,2001,1967,2097,2160,2044,2105,2107,2046,2112,2435,2335,2426,2453,2326,2352,2401,2371,2473,2623,2478,2446,2492,2494,2546,2670,2586,2580,2628,2557,2550,2675,2716,2746,2895,2795,2665,2727,2888,2899,3111,3074,2926,2970,3085,3018,3197,3354,3229,3370,3350,3201,3277,3751,3625,3806,3858,3643,3690,3748,3699,3856,4187,3965,3966,4027,3967,4037,4196,4090,4141,4258,4099,4060,4221,4288,4355,4628,4453,4305,4369,4495,4517,4825,4796,4624,

NM, tinyjambu 13 * 32 rounds, init states
2414,2396,2443,2523,2436,2622,2676,2640,2663,2762,2769,2803,2961,2893,2899,3029,3054,2939,3146,3131,3268,3355,3338,3312,3569,3631,3330,3481,3477,3451,3580,3577,3459,3727,3782,3565,3620,3643,3617,3814,3958,3679,3827,3863,3814,3925,3982,3881,4123,4241,4132,4158,4289,4294,4351,4612,4471,4560,4707,4716,4621,4877,4859,5079,5255,5215,5182,5544,5633,5226,5526,5513,5533,5708,5693,5552,5993,6089,5666,5786,5808,5761,6057,6209,5832,6139,6204,6091,6243,6339,6228,6530,6743,6469,6536,6703,6690,6794,7135,6907,7182,7383,7356,7284,7639,7628,7882,8216,8108,8081,8573,8687,8165,8672,8644,8801,9063,9031,8864,9562,9720,8996,9267,9285,9212,9637,9786,9291,

NM, tinyjambu 14 * 32 rounds, init states
4985,5007,5003,5123,5228,4952,5249,5242,5175,5151,5322,5235,5559,5682,5355,5437,5664,5635,5801,6063,5799,5991,6150,6022,6032,6461,6383,6549,6790,6468,6512,7188,7142,7060,7559,7415,7474,7471,7425,7362,8062,8042,7719,8059,8030,8031,8108,8237,7890,8428,8416,8198,8225,8443,8353,8817,9015,8566,8801,8938,8878,9060,9436,9081,9470,9705,9364,9386,10071,9981,10275,10696,10200,10328,11119,11017,10958,11719,11501,11645,11762,11561,11511,12707,12667,12250,12912,12794,12816,12848,12980,12565,13506,13483,13032,13210,13450,13356,13940,14243,13518,14050,14180,14053,14211,14758,14316,15029,15387,14719,14823,15735,15616,16076,16759,15999,16319,17269,17039,16990,18180,17884,18194,18552,18029,18023,19895,19809,

NM, tinyjambu 15 * 32 rounds, init states
10220,10366,9975,10063,10468,10203,10533,10954,10771,10899,11067,10924,11065,11756,11197,11298,11448,11186,11225,11745,11715,11869,12392,12027,11927,12047,12086,12318,13083,12999,12704,12821,12847,12936,13402,13691,13897,14390,14386,14080,14179,14603,15189,15867,16142,15554,15740,16229,15885,16358,17035,17116,17434,17671,17311,17503,18515,17739,18026,18416,17918,18002,18654,18578,18842,19815,19073,18988,19142,19079,19334,20507,20405,20173,20537,20388,20424,20939,21302,21796,22751,22678,22139,22254,22758,23457,24543,25019,24365,24780,25320,24819,25399,26415,26960,27654,28037,27286,27566,28983,27942,28559,29370,28689,28901,29721,29502,29907,31571,30270,30286,30590,30265,30559,32252,32120,32042,32929,32415,32351,32986,33388,34114,35834,35677,34843,35075,35605,

NM, tinyjambu 16 * 32 rounds, init states
18406,19479,18843,18564,20170,20281,20005,21271,20820,20166,22245,22364,21966,23479,23829,22504,23428,23378,22825,24840,25500,24290,25709,26254,24928,25117,25579,25177,26349,27267,25546,26017,27051,26538,27045,28154,27084,27698,28801,27876,27846,29220,29001,29201,30820,29498,29199,31599,31592,31377,33262,32677,31869,34656,34547,33958,36387,36861,35197,36935,36563,35558,39129,39968,38448,40859,41642,39370,39980,40510,39844,42022,43430,40773,42012,43441,42231,42786,44277,42912,44206,45879,43928,44000,46105,45696,46354,48773,46627,46495,49721,49331,49129,51904,51163,50275,54135,53390,52522,56557,57142,55202,58206,57383,55724,61374,62332,60414,64338,65471,61874,63408,63888,62669,66862,68930,65063,67721,69695,67159,67903,69856,68089,70555,73146,69474,70017,73156,

NM, tinyjambu 17 * 32 rounds, init states
36687,38843,38862,37720,38282,38562,38576,40094,40529,39657,40907,41686,41058,40988,42072,43179,44242,45859,44563,44435,45923,47287,47210,49624,49321,49718,51707,50185,49374,52454,54792,53824,55837,55320,55347,58326,56434,55033,58432,58854,57762,58879,58670,58603,62135,61529,59615,61175,61476,61169,63305,63622,62671,65177,66215,64987,65031,66349,67622,69626,71792,69746,70174,72187,73308,73295,76606,76948,77872,80942,78644,77506,81736,85419,84232,87923,86973,87145,91461,88536,86648,92225,93789,91989,94069,93635,93558,99136,97367,94390,97882,98240,97315,100186,100371,99358,104020,105077,102707,103314,104911,106198,109720,112321,109403,111081,113873,114366,114283,118678,120127,122114,126801,123207,121941,127659,132706,131442,137547,136294,136863,143168,138721,136022,144679,148581,145813,149906,

NM, tinyjambu 18 * 32 rounds, init states
75399,75171,79731,78416,77727,80399,77817,78799,82879,81800,80242,85563,84131,82474,85590,83803,83073,88519,88230,85812,89833,89000,88120,92714,92338,90136,96684,97154,95173,97736,98578,96967,103947,105584,102237,106204,109085,107566,109849,112749,109447,117548,121024,117951,118152,124636,122677,122583,126826,122656,125988,131811,129757,127869,136297,133997,131497,136234,132894,132276,140536,139704,136076,143365,141658,139869,146566,145313,142471,152569,152987,149477,154124,154654,152551,162685,164289,159275,167482,170823,168234,172070,175827,171279,184199,189094,183879,185581,194478,191564,192741,199136,192628,200701,208960,205156,203040,216028,212413,209224,216633,210711,211075,223415,221504,216318,228928,225789,222343,232156,229116,225544,241088,241217,235289,243957,243654,240671,255399,256627,249411,264166,267977,263407,269806,274405,268246,288146,

NM, tinyjambu 19 * 32 rounds, init states
146633,143232,150602,156252,150631,157733,157570,151609,156340,171334,166400,173793,176905,168555,173149,174714,171407,177311,188491,180822,183053,186810,183548,186943,192070,188060,190826,196685,191183,190829,197207,198720,200198,209077,204818,200908,206873,211244,210599,221274,221197,215749,223428,228561,222607,233109,243002,236404,248400,247758,238060,245291,265974,259111,271577,277416,264528,273121,274811,268241,277360,298459,287142,293376,298984,290799,296632,303077,297272,303708,315050,304528,304553,313500,314332,317873,330804,323673,320408,329557,331577,330815,346083,347111,341851,355235,358169,348728,363427,378166,370790,390123,388957,374427,386033,412607,402343,422179,433668,415159,430854,432381,419850,433700,469793,453542,467169,475889,459354,469781,477791,468679,481019,503541,485350,487606,500310,497880,504816,522874,511733,511234,526242,522760,521644,543290,545831,542049,

NM, tinyjambu 20 * 32 rounds, init states
288522,280988,287162,291155,285732,300332,310578,299607,304856,312384,309799,316425,329048,321583,333319,346353,343280,337723,351065,350487,361314,378543,373120,372990,392970,395978,374991,395204,394973,399623,415199,413168,404258,431224,437976,410333,427420,428405,423714,440747,446642,427436,452827,460942,444465,455550,460303,452603,474604,489547,469558,482432,493326,487496,497640,513657,502261,523711,543398,534945,530993,549601,547992,563460,590370,580339,585433,614208,616498,589815,619707,619218,631065,657089,652232,641674,682514,692064,648687,678874,679806,675566,702016,707397,680990,723824,736469,703542,723869,729529,718315,751496,771984,738509,765764,781848,768484,784802,804812,787993,824043,853976,834552,835849,861985,857791,879885,919418,901922,918752,960561,959778,927538,970772,969705,992379,1035632,1025352,1014664,1075484,1088042,1023678,1074078,1074779,1075189,1117215,1120565,1085248,


NM, isap, full round, cipher text
1585892525,1585892525,1585892525,1585892525,1585892525,1585892525,1585892525,1585892525,1585892525,1585892525,1585892525,1585892525,1585892525,1585892525,1585892525,1585892525,1585892525,1585892525,1585892525,1585892525,1585892525,1585892525,1585892525,1585892525,1585892525,1585892525,1585892525,1585892525,1585892525,1585892525,1585892525,1585892525,1585892525,1585892525,1585892525,1585892525,1585892525,1585892525,1585892525,1585892525,1585892525,1585892525,1585892525,1585892525,1585892525,1585892525,1585892525,1585892525,1585892525,1585892525,1585892525,1585892525,1585892525,1585892525,1585892525,1585892525,1585892525,1585892525,1585892525,1585892525,1585892525,1585892525,1585892525,1585892525,1657794605,1657794605,1657794605,1657794605,1657794605,1657794605,1657794605,1657794605,1657794605,1657794605,1657794605,1657794605,1657794605,1657794605,1657794605,1657794605,1657794605,1657794605,1657794605,1657794605,1657794605,1657794605,1657794605,1657794605,1657794605,1657794605,1657794605,1657794605,1657794605,1657794605,1657794605,1657794605,1657794605,1657794605,1657794605,1657794605,1657794605,1657794605,1657794605,1657794605,1657794605,1657794605,1657794605,1657794605,1657794605,1657794605,1657794605,1657794605,1657794605,1657794605,1657794605,1657794605,1657794605,1657794605,1657794605,1657794605,1657794605,1657794605,1657794605,1657794605,1657794605,1657794605,1657794605,1657794605,1657794605,1657794605,1657794605,1657794605,1657794605,1657794605,1657794605,1657794605,1657794605,1657794605,1657794605,1657794605,1657794605,1657794605,1657794605,1657794605,1657794605,1657794605,1657794605,1657794605,1657794605,1657794605,1657794605,1657794605,1657794605,1657794605,1657794605,1657794605,1657794605,1657794605,1657794605,1657794605,1657794605,1657794605,1657794605,1657794605,1657794605,1657794605,1657794605,1657794605,1657794605,1657794605,1657794605,1657794605,1657794605,1657794605,1657794605,1657794605,1657794605,1657794605,1657794605,1657794605,1657794605,1657794605,1657794605,1657794605,1657794605,1657794605,1657794605,1657794605,1657794605,1657794605,1657794605,1657794605
